10
4
887 2778 6916 7794 
8336
7
28 60 493 1422 2363 6650 8691 
7764
7
541 2568 3427 5212 5369 5737 9173 
6430
3
1531 2863 5124 
4068
16
1394 3059 3070 3785 3930 4023 4422 4920 5012 6230 7374 8043 8168 8457 8538 9803 
5199
5
3527 4371 6092 6414 8316 
8981
17
337 847 926 1314 1730 1874 2306 3896 5858 6125 6328 6506 6863 6997 7085 7282 9171 
9583
6
365 3368 3751 4044 5435 8815 
1088
9
2400 2652 2755 3585 5404 5789 7179 7277 9933 
5061
17
13 98 379 493 571 796 1435 2903 3318 3369 6227 6602 7468 7540 7740 8095 8587 
6653
